# x	y	sy
   0.00000	  12.00000	   3.00000
   0.20000	  11.00000	   3.00000
   0.40000	  14.00000	   3.00000
   0.60000	   9.00000	   3.00000
   0.80000	  13.00000	   3.00000
   1.00000	  12.00000	   3.00000
   1.20000	  15.00000	   3.00000
   1.40000	   5.00000	   3.00000
   1.60000	   8.00000	   3.00000
   1.80000	   8.00000	   3.00000
   2.00000	   6.00000	   3.00000
   2.20000	   9.00000	   3.00000
   2.40000	  12.00000	   3.00000
   2.60000	  18.00000	   3.00000
   2.80000	  13.00000	   3.00000
   3.00000	  20.00000	   3.00000
   3.20000	  23.00000	   3.00000
   3.40000	  30.00000	   3.00000
   3.60000	  37.00000	   3.00000
   3.80000	  41.00000	   3.00000
   4.00000	  52.00000	   3.00000
   4.20000	  52.00000	   3.00000
   4.40000	  48.00000	   3.00000
   4.60000	  48.00000	   3.00000
   4.80000	  37.00000	   3.00000
   5.00000	  29.00000	   3.00000
   5.20000	  23.00000	   3.00000
   5.40000	  11.00000	   3.00000
   5.60000	  19.00000	   3.00000
   5.80000	   8.00000	   3.00000
   6.00000	   7.00000	   3.00000
   6.20000	  14.00000	   3.00000
   6.40000	   9.00000	   3.00000
   6.60000	  12.00000	   3.00000
   6.80000	  11.00000	   3.00000
   7.00000	  12.00000	   3.00000
   7.20000	  14.00000	   3.00000
   7.40000	  17.00000	   3.00000
   7.60000	  13.00000	   3.00000
   7.80000	   9.00000	   3.00000
   8.00000	  11.00000	   3.00000
   8.20000	  12.00000	   3.00000
   8.40000	  10.00000	   3.00000
   8.60000	  12.00000	   3.00000
   8.80000	  12.00000	   3.00000
   9.00000	  10.00000	   3.00000
   9.20000	   9.00000	   3.00000
   9.40000	  11.00000	   3.00000
   9.60000	  10.00000	   3.00000
   9.80000	   7.00000	   3.00000
  10.00000	  10.00000	   3.00000
